out.eye = [125 126 17 127 128];
out.lpf = [22 18 23 26 27 33 34 39];
out.rpf = [14 15 9 8 2 1 122 121];
out.lf  = [19 24 20 25 28 12 21 29 35 13 30 36];
out.rf  = [10 4 3 5 124 123 119 113 118 117 112 111];
out.lc  = [7 31 37 42 32 38 43 48];
out.rc  = [107 106 105 104 81 88 94 99];
out.mid = [16 11 6 129 55 62 68 73 76 82];
out.lt  = [40 41 45 46 47 50 51 57 58];
out.rt  = [116 110 115 109 103 102 98 101 97];
out.lp  = [54 53 52 61 60 59 67];
out.rp  = [80 87 93 79 78 86 92];
out.lo  = [66 65 64 69 72 71 70 74 75];
out.ro  = [77 85 91 96 95 84 90 89 83];
out.outer = [17 44 49 56 63 69 74 82 89 95 100 108 114 120 125 126 127 128];
out.inner = [1 8 14 22 26 33 39 45 57 64 70 75 83 90 96 101 115 121];
out.mastoids = [57 101];
